0.0000000000000000000000000000000000000000000000000000000000000000e+00 1.0200000000000000177635683940025046467781066894531250000000000000e+00 2.5750000000000001776356839400250464677810668945312500000000000000e+00 3.1450000000000004618527782440651208162307739257812500000000000000e+00 4.8550000000000004263256414560601115226745605468750000000000000000e+00 5.2149999999999998578914528479799628257751464843750000000000000000e+00 6.7750000000000003552713678800500929355621337890625000000000000000e+00 3.1544444444444441622010799619602039456367492675781250000000000000e+00 4.1877777777777787093782535521313548088073730468750000000000000000e+00
1.0200000000000000177635683940025046467781066894531250000000000000e+00 0.0000000000000000000000000000000000000000000000000000000000000000e+00 1.5549999999999999378275106209912337362766265869140625000000000000e+00 2.1250000000000000000000000000000000000000000000000000000000000000e+00 3.8349999999999999644728632119949907064437866210937500000000000000e+00 4.1949999999999993960386746039148420095443725585937500000000000000e+00 5.7549999999999998934185896359849721193313598632812500000000000000e+00 2.9277777777777775902734447299735620617866516113281250000000000000e+00 3.9611111111111116933614084700820967555046081542968750000000000000e+00
2.5750000000000001776356839400250464677810668945312500000000000000e+00 1.5549999999999999378275106209912337362766265869140625000000000000e+00 0.0000000000000000000000000000000000000000000000000000000000000000e+00 5.7000000000000028421709430404007434844970703125000000000000000000e-01 2.2800000000000002486899575160350650548934936523437500000000000000e+00 2.6399999999999996802557689079549163579940795898437500000000000000e+00 4.2000000000000001776356839400250464677810668945312500000000000000e+00 2.5822222222222221965637345419963821768760681152343750000000000000e+00 3.6155555555555562996516982821049168705940246582031250000000000000e+00
3.1450000000000004618527782440651208162307739257812500000000000000e+00 2.1250000000000000000000000000000000000000000000000000000000000000e+00 5.7000000000000028421709430404007434844970703125000000000000000000e-01 0.0000000000000000000000000000000000000000000000000000000000000000e+00 1.7099999999999999644728632119949907064437866210937500000000000000e+00 2.0699999999999993960386746039148420095443725585937500000000000000e+00 3.6299999999999998934185896359849721193313598632812500000000000000e+00 2.4555555555555552693647314299596473574638366699218750000000000000e+00 3.4888888888888889283634853200055658817291259765625000000000000000e+00
4.8550000000000004263256414560601115226745605468750000000000000000e+00 3.8349999999999999644728632119949907064437866210937500000000000000e+00 2.2800000000000002486899575160350650548934936523437500000000000000e+00 1.7099999999999999644728632119949907064437866210937500000000000000e+00 0.0000000000000000000000000000000000000000000000000000000000000000e+00 3.5999999999999943156581139191985130310058593750000000000000000000e-01 1.9199999999999999289457264239899814128875732421875000000000000000e+00 2.0755555555555553759461417939746752381324768066406250000000000000e+00 3.1088888888888894790341055340832099318504333496093750000000000000e+00
5.2149999999999998578914528479799628257751464843750000000000000000e+00 4.1949999999999993960386746039148420095443725585937500000000000000e+00 2.6399999999999996802557689079549163579940795898437500000000000000e+00 2.0699999999999993960386746039148420095443725585937500000000000000e+00 3.5999999999999943156581139191985130310058593750000000000000000000e-01 0.0000000000000000000000000000000000000000000000000000000000000000e+00 1.5600000000000004973799150320701301097869873046875000000000000000e+00 1.9955555555555557489810780680272728204727172851562500000000000000e+00 3.0288888888888894079798319580731913447380065917968750000000000000e+00
6.7750000000000003552713678800500929355621337890625000000000000000e+00 5.7549999999999998934185896359849721193313598632812500000000000000e+00 4.2000000000000001776356839400250464677810668945312500000000000000e+00 3.6299999999999998934185896359849721193313598632812500000000000000e+00 1.9199999999999999289457264239899814128875732421875000000000000000e+00 1.5600000000000004973799150320701301097869873046875000000000000000e+00 0.0000000000000000000000000000000000000000000000000000000000000000e+00 1.6488888888888886263828226219629868865013122558593750000000000000e+00 2.6822222222222222853815765120089054107666015625000000000000000000e+00
3.1544444444444441622010799619602039456367492675781250000000000000e+00 2.9277777777777775902734447299735620617866516113281250000000000000e+00 2.5822222222222221965637345419963821768760681152343750000000000000e+00 2.4555555555555552693647314299596473574638366699218750000000000000e+00 2.0755555555555553759461417939746752381324768066406250000000000000e+00 1.9955555555555557489810780680272728204727172851562500000000000000e+00 1.6488888888888886263828226219629868865013122558593750000000000000e+00 0.0000000000000000000000000000000000000000000000000000000000000000e+00 1.0333333333333338810433588150772266089916229248046875000000000000e+00
4.1877777777777787093782535521313548088073730468750000000000000000e+00 3.9611111111111116933614084700820967555046081542968750000000000000e+00 3.6155555555555562996516982821049168705940246582031250000000000000e+00 3.4888888888888889283634853200055658817291259765625000000000000000e+00 3.1088888888888894790341055340832099318504333496093750000000000000e+00 3.0288888888888894079798319580731913447380065917968750000000000000e+00 2.6822222222222222853815765120089054107666015625000000000000000000e+00 1.0333333333333338810433588150772266089916229248046875000000000000e+00 0.0000000000000000000000000000000000000000000000000000000000000000e+00
