0.0000000000000000000000000000000000000000000000000000000000000000e+00 1.0505999999999999783284465593169443309307098388671875000000000000e+00 2.6522500000000004405364961712621152400970458984375000000000000000e+00 3.2393500000000003957723038183758035302162170410156250000000000000e+00 5.0006500000000002614797267597168684005737304687500000000000000000e+00 5.3193000000000001392663762089796364307403564453125000000000000000e+00 6.8427500000000005542233338928781449794769287109375000000000000000e+00 3.2175333333333329122183386061806231737136840820312500000000000000e+00 4.2715333333333340704029978951439261436462402343750000000000000000e+00
1.0505999999999999783284465593169443309307098388671875000000000000e+00 0.0000000000000000000000000000000000000000000000000000000000000000e+00 1.6016500000000000181188397618825547397136688232421875000000000000e+00 2.1887500000000001953992523340275511145591735839843750000000000000e+00 3.9500500000000000611066752753686159849166870117187500000000000000e+00 4.2788999999999992596144693379756063222885131835937500000000000000e+00 5.8125499999999998834709913353435695171356201171875000000000000000e+00 2.9863333333333330621428558515617623925209045410156250000000000000e+00 4.0403333333333337762383052904624491930007934570312500000000000000e+00
2.6522500000000004405364961712621152400970458984375000000000000000e+00 1.6016500000000000181188397618825547397136688232421875000000000000e+00 0.0000000000000000000000000000000000000000000000000000000000000000e+00 5.8710000000000028830271503466065041720867156982421875000000000000e-01 2.3484000000000002650324404385173693299293518066406250000000000000e+00 2.6927999999999996383337474981090053915977478027343750000000000000e+00 4.2419999999999999928945726423989981412887573242187500000000000000e+00 2.6338666666666665783225198538275435566902160644531250000000000000e+00 3.6878666666666672924179692927282303571701049804687500000000000000e+00
3.2393500000000003957723038183758035302162170410156250000000000000e+00 2.1887500000000001953992523340275511145591735839843750000000000000e+00 5.8710000000000028830271503466065041720867156982421875000000000000e-01 0.0000000000000000000000000000000000000000000000000000000000000000e+00 1.7613000000000000877520278663723729550838470458984375000000000000e+00 2.1113999999999992773780377319781109690666198730468750000000000000e+00 3.6663000000000001143973804573761299252510070800781250000000000000e+00 2.5046666666666665967966309835901483893394470214843750000000000000e+00 3.5586666666666668668028705724282190203666687011718750000000000000e+00
5.0006500000000002614797267597168684005737304687500000000000000000e+00 3.9500500000000000611066752753686159849166870117187500000000000000e+00 2.3484000000000002650324404385173693299293518066406250000000000000e+00 1.7613000000000000877520278663723729550838470458984375000000000000e+00 0.0000000000000000000000000000000000000000000000000000000000000000e+00 3.6719999999999941575623552125762216746807098388671875000000000000e-01 1.9392000000000000348165940522449091076850891113281250000000000000e+00 2.1170666666666666522189643728779628872871398925781250000000000000e+00 3.1710666666666673663144138117786496877670288085937500000000000000e+00
5.3193000000000001392663762089796364307403564453125000000000000000e+00 4.2788999999999992596144693379756063222885131835937500000000000000e+00 2.6927999999999996383337474981090053915977478027343750000000000000e+00 2.1113999999999992773780377319781109690666198730468750000000000000e+00 3.6719999999999941575623552125762216746807098388671875000000000000e-01 0.0000000000000000000000000000000000000000000000000000000000000000e+00 1.5756000000000005556444193643983453512191772460937500000000000000e+00 2.0354666666666667573792892653727903962135314941406250000000000000e+00 3.0894666666666674714747387042734771966934204101562500000000000000e+00
6.8427500000000005542233338928781449794769287109375000000000000000e+00 5.8125499999999998834709913353435695171356201171875000000000000000e+00 4.2419999999999999928945726423989981412887573242187500000000000000e+00 3.6663000000000001143973804573761299252510070800781250000000000000e+00 1.9392000000000000348165940522449091076850891113281250000000000000e+00 1.5756000000000005556444193643983453512191772460937500000000000000e+00 0.0000000000000000000000000000000000000000000000000000000000000000e+00 1.6818666666666663989104790744022466242313385009765625000000000000e+00 2.7358666666666668909613235882716253399848937988281250000000000000e+00
3.2175333333333329122183386061806231737136840820312500000000000000e+00 2.9863333333333330621428558515617623925209045410156250000000000000e+00 2.6338666666666665783225198538275435566902160644531250000000000000e+00 2.5046666666666665967966309835901483893394470214843750000000000000e+00 2.1170666666666666522189643728779628872871398925781250000000000000e+00 2.0354666666666667573792892653727903962135314941406250000000000000e+00 1.6818666666666663989104790744022466242313385009765625000000000000e+00 0.0000000000000000000000000000000000000000000000000000000000000000e+00 1.0540000000000004920508445138693787157535552978515625000000000000e+00
4.2715333333333340704029978951439261436462402343750000000000000000e+00 4.0403333333333337762383052904624491930007934570312500000000000000e+00 3.6878666666666672924179692927282303571701049804687500000000000000e+00 3.5586666666666668668028705724282190203666687011718750000000000000e+00 3.1710666666666673663144138117786496877670288085937500000000000000e+00 3.0894666666666674714747387042734771966934204101562500000000000000e+00 2.7358666666666668909613235882716253399848937988281250000000000000e+00 1.0540000000000004920508445138693787157535552978515625000000000000e+00 0.0000000000000000000000000000000000000000000000000000000000000000e+00
