0.0000000000000000000000000000000000000000000000000000000000000000e+00 9.8939999999999994617638776617241092026233673095703125000000000000e-01 2.4977499999999999147348717087879776954650878906250000000000000000e+00 3.0506500000000005279332526697544381022453308105468750000000000000e+00 4.7093500000000005911715561524033546447753906250000000000000000000e+00 5.1106999999999995765165294869802892208099365234375000000000000000e+00 6.7072500000000001563194018672220408916473388671875000000000000000e+00 3.0913555555555554121838213177397847175598144531250000000000000000e+00 4.1040222222222233483535092091187834739685058593750000000000000000e+00
9.8939999999999994617638776617241092026233673095703125000000000000e-01 0.0000000000000000000000000000000000000000000000000000000000000000e+00 1.5083499999999998575361814800999127328395843505859375000000000000e+00 2.0612499999999998046007476659724488854408264160156250000000000000e+00 3.7199499999999998678390511486213654279708862304687500000000000000e+00 4.1110999999999995324628798698540776968002319335937500000000000000e+00 5.6974499999999999033661879366263747215270996093750000000000000000e+00 2.8692222222222221184040336083853617310523986816406250000000000000e+00 3.8818888888888896104845116497017443180084228515625000000000000000e+00
2.4977499999999999147348717087879776954650878906250000000000000000e+00 1.5083499999999998575361814800999127328395843505859375000000000000e+00 0.0000000000000000000000000000000000000000000000000000000000000000e+00 5.5290000000000028013147357341949827969074249267578125000000000000e-01 2.2116000000000002323474745935527607798576354980468750000000000000e+00 2.5871999999999997221777903178008273243904113769531250000000000000e+00 4.1580000000000003623767952376510947942733764648437500000000000000e+00 2.5305777777777778148049492301652207970619201660156250000000000000e+00 3.5432444444444453068854272714816033840179443359375000000000000000e+00
3.0506500000000005279332526697544381022453308105468750000000000000e+00 2.0612499999999998046007476659724488854408264160156250000000000000e+00 5.5290000000000028013147357341949827969074249267578125000000000000e-01 0.0000000000000000000000000000000000000000000000000000000000000000e+00 1.6586999999999998411936985576176084578037261962890625000000000000e+00 2.0285999999999995146993114758515730500221252441406250000000000000e+00 3.5936999999999996724397988145938143134117126464843750000000000000e+00 2.4064444444444439419328318763291463255882263183593750000000000000e+00 3.4191111111111109899241000675829127430915832519531250000000000000e+00
4.7093500000000005911715561524033546447753906250000000000000000000e+00 3.7199499999999998678390511486213654279708862304687500000000000000e+00 2.2116000000000002323474745935527607798576354980468750000000000000e+00 1.6586999999999998411936985576176084578037261962890625000000000000e+00 0.0000000000000000000000000000000000000000000000000000000000000000e+00 3.5279999999999944737538726258208043873310089111328125000000000000e-01 1.9007999999999998230748587957350537180900573730468750000000000000e+00 2.0340444444444440996733192150713875889778137207031250000000000000e+00 3.0467111111111115917537972563877701759338378906250000000000000000e+00
5.1106999999999995765165294869802892208099365234375000000000000000e+00 4.1110999999999995324628798698540776968002319335937500000000000000e+00 2.5871999999999997221777903178008273243904113769531250000000000000e+00 2.0285999999999995146993114758515730500221252441406250000000000000e+00 3.5279999999999944737538726258208043873310089111328125000000000000e-01 0.0000000000000000000000000000000000000000000000000000000000000000e+00 1.5444000000000004391154106997419148683547973632812500000000000000e+00 1.9556444444444445185382619456504471600055694580078125000000000000e+00 2.9683111111111113444849252118729054927825927734375000000000000000e+00
6.7072500000000001563194018672220408916473388671875000000000000000e+00 5.6974499999999999033661879366263747215270996093750000000000000000e+00 4.1580000000000003623767952376510947942733764648437500000000000000e+00 3.5936999999999996724397988145938143134117126464843750000000000000e+00 1.9007999999999998230748587957350537180900573730468750000000000000e+00 1.5444000000000004391154106997419148683547973632812500000000000000e+00 0.0000000000000000000000000000000000000000000000000000000000000000e+00 1.6159111111111108538551661695237271487712860107421875000000000000e+00 2.6285777777777776798018294357461854815483093261718750000000000000e+00
3.0913555555555554121838213177397847175598144531250000000000000000e+00 2.8692222222222221184040336083853617310523986816406250000000000000e+00 2.5305777777777778148049492301652207970619201660156250000000000000e+00 2.4064444444444439419328318763291463255882263183593750000000000000e+00 2.0340444444444440996733192150713875889778137207031250000000000000e+00 1.9556444444444445185382619456504471600055694580078125000000000000e+00 1.6159111111111108538551661695237271487712860107421875000000000000e+00 0.0000000000000000000000000000000000000000000000000000000000000000e+00 1.0126666666666672700358731162850745022296905517578125000000000000e+00
4.1040222222222233483535092091187834739685058593750000000000000000e+00 3.8818888888888896104845116497017443180084228515625000000000000000e+00 3.5432444444444453068854272714816033840179443359375000000000000000e+00 3.4191111111111109899241000675829127430915832519531250000000000000e+00 3.0467111111111115917537972563877701759338378906250000000000000000e+00 2.9683111111111113444849252118729054927825927734375000000000000000e+00 2.6285777777777776798018294357461854815483093261718750000000000000e+00 1.0126666666666672700358731162850745022296905517578125000000000000e+00 0.0000000000000000000000000000000000000000000000000000000000000000e+00
