0.0000000000000000000000000000000000000000000000000000000000000000e+00 4.9869316087037801610293286103114951401948928833007812500000000000e-01 7.5584530810969585701286632684059441089630126953125000000000000000e-01 9.3239502492341574946266291590291075408458709716796875000000000000e-01 9.0055177843595457520819991259486414492130279541015625000000000000e-01 1.9069233324378882521443756559165194630622863769531250000000000000e+00 7.5549836374006296146887962095206603407859802246093750000000000000e-01
4.9869316087037801610293286103114951401948928833007812500000000000e-01 0.0000000000000000000000000000000000000000000000000000000000000000e+00 1.9935730744353760690579235870245611295104026794433593750000000000e-01 7.5954153545829283800117082137148827314376831054687500000000000000e-01 4.0743263194468348764587517507607117295265197753906250000000000000e-01 1.9050999970091053725695928733330219984054565429687500000000000000e+00 8.8468786007400834758840346694341860711574554443359375000000000000e-01
7.5584530810969585701286632684059441089630126953125000000000000000e-01 1.9935730744353760690579235870245611295104026794433593750000000000e-01 0.0000000000000000000000000000000000000000000000000000000000000000e+00 6.8006399159145677901783244578837184235453605651855468750000000000e-02 2.6086270321719062792453769361600279808044433593750000000000000000e-02 1.9768439568506932513258789185783825814723968505859375000000000000e+00 4.4129334777417000834631721772893797606229782104492187500000000000e-01
9.3239502492341574946266291590291075408458709716796875000000000000e-01 7.5954153545829283800117082137148827314376831054687500000000000000e-01 6.8006399159145677901783244578837184235453605651855468750000000000e-02 0.0000000000000000000000000000000000000000000000000000000000000000e+00 8.8633795270729029067147131115689262514933943748474121093750000000e-04 1.8426290498407832396665639862476382404565811157226562500000000000e-01 1.5221121670117356838858313494711183011531829833984375000000000000e+00
9.0055177843595457520819991259486414492130279541015625000000000000e-01 4.0743263194468348764587517507607117295265197753906250000000000000e-01 2.6086270321719062792453769361600279808044433593750000000000000000e-02 8.8633795270729029067147131115689262514933943748474121093750000000e-04 0.0000000000000000000000000000000000000000000000000000000000000000e+00 1.1248162083260451193922335733077488839626312255859375000000000000e+00 6.8416984570819405764297016503405757248401641845703125000000000000e-01
1.9069233324378882521443756559165194630622863769531250000000000000e+00 1.9050999970091053725695928733330219984054565429687500000000000000e+00 1.9768439568506932513258789185783825814723968505859375000000000000e+00 1.8426290498407832396665639862476382404565811157226562500000000000e-01 1.1248162083260451193922335733077488839626312255859375000000000000e+00 0.0000000000000000000000000000000000000000000000000000000000000000e+00 1.1513885632454214924536017861100845038890838623046875000000000000e+00
7.5549836374006296146887962095206603407859802246093750000000000000e-01 8.8468786007400834758840346694341860711574554443359375000000000000e-01 4.4129334777417000834631721772893797606229782104492187500000000000e-01 1.5221121670117356838858313494711183011531829833984375000000000000e+00 6.8416984570819405764297016503405757248401641845703125000000000000e-01 1.1513885632454214924536017861100845038890838623046875000000000000e+00 0.0000000000000000000000000000000000000000000000000000000000000000e+00
