0.0000000000000000000000000000000000000000000000000000000000000000e+00 3.9648589060240252424094364869233686476945877075195312500000000000e-01 7.6003450030248531632537378754932433366775512695312500000000000000e-01 1.5357818577448512087357812561094760894775390625000000000000000000e-01 5.2396465812680692586411623778985813260078430175781250000000000000e-01 9.8783249702984843310105134150944650173187255859375000000000000000e-01 5.0532680935602181104826513546868227422237396240234375000000000000e-01
3.9648589060240252424094364869233686476945877075195312500000000000e-01 0.0000000000000000000000000000000000000000000000000000000000000000e+00 1.0955057948921270716269305012247059494256973266601562500000000000e-01 3.0360153785914922863753417914267629384994506835937500000000000000e-01 2.2425156616243624441153770021628588438034057617187500000000000000e-01 2.4737888573425981242337456933455541729927062988281250000000000000e+00 5.1688685797728806115003408194752410054206848144531250000000000000e-01
7.6003450030248531632537378754932433366775512695312500000000000000e-01 1.0955057948921270716269305012247059494256973266601562500000000000e-01 0.0000000000000000000000000000000000000000000000000000000000000000e+00 8.6043967583653305220003915110282832756638526916503906250000000000e-02 1.5493687982109649592388223027228377759456634521484375000000000000e-02 1.8825662465223109709455684424028731882572174072265625000000000000e+00 4.2103969900896570655035588970349635928869247436523437500000000000e-01
1.5357818577448512087357812561094760894775390625000000000000000000e-01 3.0360153785914922863753417914267629384994506835937500000000000000e-01 8.6043967583653305220003915110282832756638526916503906250000000000e-02 0.0000000000000000000000000000000000000000000000000000000000000000e+00 5.1303266023803688333781991559590096585452556610107421875000000000e-03 1.2187821921795629620532963599544018507003784179687500000000000000e+00 1.0606660437249868511599970588576979935169219970703125000000000000e+00
5.2396465812680692586411623778985813260078430175781250000000000000e-01 2.2425156616243624441153770021628588438034057617187500000000000000e-01 1.5493687982109649592388223027228377759456634521484375000000000000e-02 5.1303266023803688333781991559590096585452556610107421875000000000e-03 0.0000000000000000000000000000000000000000000000000000000000000000e+00 4.4918638762687307375287559807475190609693527221679687500000000000e-01 3.7680693846136281699443770776269957423210144042968750000000000000e-01
9.8783249702984843310105134150944650173187255859375000000000000000e-01 2.4737888573425981242337456933455541729927062988281250000000000000e+00 1.8825662465223109709455684424028731882572174072265625000000000000e+00 1.2187821921795629620532963599544018507003784179687500000000000000e+00 4.4918638762687307375287559807475190609693527221679687500000000000e-01 0.0000000000000000000000000000000000000000000000000000000000000000e+00 9.6587367661137890628708646545419469475746154785156250000000000000e-01
5.0532680935602181104826513546868227422237396240234375000000000000e-01 5.1688685797728806115003408194752410054206848144531250000000000000e-01 4.2103969900896570655035588970349635928869247436523437500000000000e-01 1.0606660437249868511599970588576979935169219970703125000000000000e+00 3.7680693846136281699443770776269957423210144042968750000000000000e-01 9.6587367661137890628708646545419469475746154785156250000000000000e-01 0.0000000000000000000000000000000000000000000000000000000000000000e+00
