0.0000000000000000000000000000000000000000000000000000000000000000e+00 5.0023210662979367135960728774080052971839904785156250000000000000e-01 7.5010087769538413837722146126907318830490112304687500000000000000e-01 5.2937310412420823801937785901827737689018249511718750000000000000e-01 8.4767666113744444267297240003244951367378234863281250000000000000e-01 3.4646113749802687209466967033222317695617675781250000000000000000e+00 8.6866262448374853555321806197753176093101501464843750000000000000e-01
5.0023210662979367135960728774080052971839904785156250000000000000e-01 0.0000000000000000000000000000000000000000000000000000000000000000e+00 8.7869604812726639919695514890918275341391563415527343750000000000e-02 1.8814342252625962381706870019115740433335304260253906250000000000e-01 1.1267457271101959104253609211809816770255565643310546875000000000e-01 2.1150738157201756095560085668694227933883666992187500000000000000e+00 1.3251120801247479041862220583425369113683700561523437500000000000e-01
7.5010087769538413837722146126907318830490112304687500000000000000e-01 8.7869604812726639919695514890918275341391563415527343750000000000e-02 0.0000000000000000000000000000000000000000000000000000000000000000e+00 5.9691534308999462388189982675612554885447025299072265625000000000e-02 2.8448952264725407834689008268469478935003280639648437500000000000e-02 6.9190263646907879113712169782957062125205993652343750000000000000e-01 7.2212544319973936968182215423439629375934600830078125000000000000e-01
5.2937310412420823801937785901827737689018249511718750000000000000e-01 1.8814342252625962381706870019115740433335304260253906250000000000e-01 5.9691534308999462388189982675612554885447025299072265625000000000e-02 0.0000000000000000000000000000000000000000000000000000000000000000e+00 4.5511747373470738675660385297305765561759471893310546875000000000e-03 1.9406781823702135003628654885687865316867828369140625000000000000e-01 1.0609427455304885068443354612099938094615936279296875000000000000e+00
8.4767666113744444267297240003244951367378234863281250000000000000e-01 1.1267457271101959104253609211809816770255565643310546875000000000e-01 2.8448952264725407834689008268469478935003280639648437500000000000e-02 4.5511747373470738675660385297305765561759471893310546875000000000e-03 0.0000000000000000000000000000000000000000000000000000000000000000e+00 5.7510812382791964836314946296624839305877685546875000000000000000e-01 4.7607260747573809656074672602699138224124908447265625000000000000e-01
3.4646113749802687209466967033222317695617675781250000000000000000e+00 2.1150738157201756095560085668694227933883666992187500000000000000e+00 6.9190263646907879113712169782957062125205993652343750000000000000e-01 1.9406781823702135003628654885687865316867828369140625000000000000e-01 5.7510812382791964836314946296624839305877685546875000000000000000e-01 0.0000000000000000000000000000000000000000000000000000000000000000e+00 4.2643544151325729618662307984777726233005523681640625000000000000e-01
8.6866262448374853555321806197753176093101501464843750000000000000e-01 1.3251120801247479041862220583425369113683700561523437500000000000e-01 7.2212544319973936968182215423439629375934600830078125000000000000e-01 1.0609427455304885068443354612099938094615936279296875000000000000e+00 4.7607260747573809656074672602699138224124908447265625000000000000e-01 4.2643544151325729618662307984777726233005523681640625000000000000e-01 0.0000000000000000000000000000000000000000000000000000000000000000e+00
