0.0000000000000000000000000000000000000000000000000000000000000000e+00 4.1119979906968090466179432951321359723806381225585937500000000000e-01 1.9355041203449974140937683841912075877189636230468750000000000000e-01 8.6377154160142199934568907337961718440055847167968750000000000000e-01 7.3044632091770522741569493518909439444541931152343750000000000000e-01 1.8960130364532805646859969783690758049488067626953125000000000000e+00 6.1288582355905185661271161734475754201412200927734375000000000000e-01
4.1119979906968090466179432951321359723806381225585937500000000000e-01 0.0000000000000000000000000000000000000000000000000000000000000000e+00 1.1612131829605266963856280426625744439661502838134765625000000000e-01 5.3207579933720583476031151803908869624137878417968750000000000000e-01 1.9287147403993815109046749967092182487249374389648437500000000000e-01 1.4782801770935540819351672325865365564823150634765625000000000000e+00 7.1626242302942677575572361092781648039817810058593750000000000000e-01
1.9355041203449974140937683841912075877189636230468750000000000000e-01 1.1612131829605266963856280426625744439661502838134765625000000000e-01 0.0000000000000000000000000000000000000000000000000000000000000000e+00 6.8034919481244154892962683334189932793378829956054687500000000000e-02 1.3458089003957963633584249407704191980883479118347167968750000000e-02 1.1587138947952597689550202630925923585891723632812500000000000000e+00 4.9391469161092438344695665364270098507404327392578125000000000000e-01
8.6377154160142199934568907337961718440055847167968750000000000000e-01 5.3207579933720583476031151803908869624137878417968750000000000000e-01 6.8034919481244154892962683334189932793378829956054687500000000000e-02 0.0000000000000000000000000000000000000000000000000000000000000000e+00 5.9660286729734625030263650558026711223646998405456542968750000000e-03 2.3564289076825546409565959038445726037025451660156250000000000000e+00 9.5209238985797661758425647349213249981403350830078125000000000000e-01
7.3044632091770522741569493518909439444541931152343750000000000000e-01 1.9287147403993815109046749967092182487249374389648437500000000000e-01 1.3458089003957963633584249407704191980883479118347167968750000000e-02 5.9660286729734625030263650558026711223646998405456542968750000000e-03 0.0000000000000000000000000000000000000000000000000000000000000000e+00 1.1972816614527221901198572595603764057159423828125000000000000000e+00 3.2261969830371856060580171288165729492902755737304687500000000000e-01
1.8960130364532805646859969783690758049488067626953125000000000000e+00 1.4782801770935540819351672325865365564823150634765625000000000000e+00 1.1587138947952597689550202630925923585891723632812500000000000000e+00 2.3564289076825546409565959038445726037025451660156250000000000000e+00 1.1972816614527221901198572595603764057159423828125000000000000000e+00 0.0000000000000000000000000000000000000000000000000000000000000000e+00 6.5768115529058224222325179653125815093517303466796875000000000000e-01
6.1288582355905185661271161734475754201412200927734375000000000000e-01 7.1626242302942677575572361092781648039817810058593750000000000000e-01 4.9391469161092438344695665364270098507404327392578125000000000000e-01 9.5209238985797661758425647349213249981403350830078125000000000000e-01 3.2261969830371856060580171288165729492902755737304687500000000000e-01 6.5768115529058224222325179653125815093517303466796875000000000000e-01 0.0000000000000000000000000000000000000000000000000000000000000000e+00
